1
	1
2
	4
	7
	13
	16
3
	9
4
	7
	13
	16
5
	7
	13
	16
6
	9
7
	13
	16
8
	10
	1
9
	9
10
	1
11
	4
	7
	13
	16
12
	9
13
	16
	13
14
	16
	13
15
	9
16
	13
	16
17
	19
	10
	1
18
	9
19
	10
	1
20
	4
	7
	13
	16
21
	9
22
	16
	13
23
	16
	13
24
	18
	9
25
	13
	16
26
	19
	10
	1
27
	18
	9
28
	19
	10
	1
29
	13
	16
30
	9
31
	16
	13
32
	7
	13
	16
33
	18
	9
34
	13
	16
35
	10
	1
36
	18
	9
37
	19
	10
	1
38
	13
	16
39
	9
40
	7
	13
	16
41
	16
	13
42
	18
	9
43
	22
	16
	13
44
	19
	10
	1
45
	9
46
	10
	1
47
	13
	16
48
	9
49
	7
	13
	16
50
	7
	13
	16
51
	9
52
	13
	16
53
	19
	10
	1
54
	18
	9
55
	10
	1
56
	13
	16
57
	18
	9
58
	16
	13
59
	16
	13
60
	9
61
	13
	16
62
	19
	10
	1
63
	27
	18
	9
64
	19
	10
	1
65
	13
	16
66
	18
	9
67
	25
	13
	16
68
	16
	13
69
	18
	9
70
	13
	16
71
	10
	1
72
	18
	9
73
	19
	10
	1
74
	22
	16
	13
75
	18
	9
76
	25
	13
	16
77
	25
	13
	16
78
	18
	9
79
	13
	16
80
	10
	1
81
	18
	9
82
	19
	10
	1
83
	31
	16
	13
84
	18
	9
85
	16
	13
86
	25
	13
	16
87
	27
	18
	9
88
	22
	16
	13
89
	19
	10
	1
90
	9
91
	19
	10
	1
92
	22
	16
	13
93
	27
	18
	9
94
	25
	13
	16
95
	16
	13
96
	18
	9
97
	22
	16
	13
98
	19
	10
	1
99
	18
	9
100
	1
101
	4
	7
	13
	16
102
	9
103
	16
	13
104
	16
	13
105
	9
106
	13
	16
107
	19
	10
	1
108
	18
	9
109
	19
	10
	1
110
	4
	7
	13
	16
111
	9
112
	16
	13
113
	25
	13
	16
114
	27
	18
	9
115
	13
	16
116
	19
	10
	1
117
	27
	18
	9
118
	19
	10
	1
119
	13
	16
120
	9
121
	16
	13
122
	25
	13
	16
123
	18
	9
124
	22
	16
	13
125
	19
	10
	1
126
	27
	18
	9
127
	19
	10
	1
128
	22
	16
	13
129
	18
	9
130
	16
	13
131
	16
	13
132
	18
	9
133
	31
	16
	13
134
	28
	19
	10
	1
135
	18
	9
136
	28
	19
	10
	1
137
	31
	16
	13
138
	18
	9
139
	16
	13
140
	16
	13
141
	27
	18
	9
142
	13
	16
143
	19
	10
	1
144
	18
	9
145
	10
	1
146
	13
	16
147
	18
	9
148
	16
	13
149
	7
	13
	16
150
	9
151
	13
	16
152
	10
	1
153
	18
	9
154
	19
	10
	1
155
	13
	16
156
	18
	9
157
	25
	13
	16
158
	25
	13
	16
159
	18
	9
160
	13
	16
161
	19
	10
	1
162
	18
	9
163
	28
	19
	10
	1
164
	31
	16
	13
165
	18
	9
166
	25
	13
	16
167
	34
	13
	16
168
	18
	9
169
	22
	16
	13
170
	19
	10
	1
171
	18
	9
172
	28
	19
	10
	1
173
	31
	16
	13
174
	18
	9
175
	16
	13
176
	25
	13
	16
177
	18
	9
178
	22
	16
	13
179
	10
	1
180
	9
181
	19
	10
	1
182
	13
	16
183
	27
	18
	9
184
	25
	13
	16
185
	16
	13
186
	27
	18
	9
187
	31
	16
	13
188
	19
	10
	1
189
	18
	9
190
	10
	1
191
	22
	16
	13
192
	27
	18
	9
193
	25
	13
	16
194
	25
	13
	16
195
	18
	9
196
	22
	16
	13
197
	28
	19
	10
	1
198
	18
	9
199
	19
	10
	1
200
	4
	7
	13
	16
201
	9
202
	16
	13
203
	16
	13
204
	18
	9
205
	13
	16
206
	19
	10
	1
207
	27
	18
	9
208
	19
	10
	1
209
	22
	16
	13
210
	9
211
	16
	13
212
	25
	13
	16
213
	27
	18
	9
214
	31
	16
	13
215
	19
	10
	1
216
	27
	18
	9
217
	28
	19
	10
	1
218
	22
	16
	13
219
	27
	18
	9
220
	16
	13
221
	25
	13
	16
222
	27
	18
	9
223
	31
	16
	13
224
	19
	10
	1
225
	18
	9
226
	19
	10
	1
227
	22
	16
	13
228
	27
	18
	9
229
	16
	13
230
	16
	13
231
	18
	9
232
	22
	16
	13
233
	28
	19
	10
	1
234
	27
	18
	9
235
	19
	10
	1
236
	31
	16
	13
237
	27
	18
	9
238
	25
	13
	16
239
	16
	13
240
	18
	9
241
	22
	16
	13
242
	28
	19
	10
	1
243
	27
	18
	9
244
	28
	19
	10
	1
245
	13
	16
246
	18
	9
247
	16
	13
248
	16
	13
249
	9
250
	13
	16
251
	10
	1
252
	18
	9
253
	19
	10
	1
254
	22
	16
	13
255
	18
	9
256
	25
	13
	16
257
	25
	13
	16
258
	27
	18
	9
259
	22
	16
	13
260
	19
	10
	1
261
	18
	9
262
	28
	19
	10
	1
263
	31
	16
	13
264
	36
	18
	9
265
	16
	13
266
	25
	13
	16
267
	27
	18
	9
268
	22
	16
	13
269
	19
	10
	1
270
	18
	9
271
	19
	10
	1
272
	31
	16
	13
273
	27
	18
	9
274
	25
	13
	16
275
	25
	13
	16
276
	27
	18
	9
277
	31
	16
	13
278
	28
	19
	10
	1
279
	27
	18
	9
280
	19
	10
	1
281
	31
	16
	13
282
	27
	18
	9
283
	25
	13
	16
284
	25
	13
	16
285
	18
	9
286
	31
	16
	13
287
	28
	19
	10
	1
288
	27
	18
	9
289
	19
	10
	1
290
	13
	16
291
	27
	18
	9
292
	25
	13
	16
293
	34
	13
	16
294
	27
	18
	9
295
	22
	16
	13
296
	28
	19
	10
	1
297
	27
	18
	9
298
	28
	19
	10
	1
299
	22
	16
	13
300
	9
301
	16
	13
302
	16
	13
303
	27
	18
	9
304
	22
	16
	13
305
	19
	10
	1
306
	27
	18
	9
307
	28
	19
	10
	1
308
	31
	16
	13
309
	27
	18
	9
310
	16
	13
311
	25
	13
	16
312
	27
	18
	9
313
	40
	7
	13
	16
314
	37
	19
	10
	1
315
	27
	18
	9
316
	37
	19
	10
	1
317
	22
	16
	13
318
	9
319
	16
	13
320
	7
	13
	16
321
	9
322
	22
	16
	13
323
	19
	10
	1
324
	27
	18
	9
325
	19
	10
	1
326
	22
	16
	13
327
	27
	18
	9
328
	25
	13
	16
329
	16
	13
330
	18
	9
331
	22
	16
	13
332
	10
	1
333
	27
	18
	9
334
	19
	10
	1
335
	13
	16
336
	27
	18
	9
337
	25
	13
	16
338
	16
	13
339
	18
	9
340
	13
	16
341
	19
	10
	1
342
	27
	18
	9
343
	28
	19
	10
	1
344
	22
	16
	13
345
	18
	9
346
	25
	13
	16
347
	16
	13
348
	9
349
	13
	16
350
	10
	1
351
	9
352
	19
	10
	1
353
	22
	16
	13
354
	18
	9
355
	16
	13
356
	25
	13
	16
357
	27
	18
	9
358
	22
	16
	13
359
	28
	19
	10
	1
360
	18
	9
361
	10
	1
362
	13
	16
363
	27
	18
	9
364
	25
	13
	16
365
	16
	13
366
	27
	18
	9
367
	31
	16
	13
368
	19
	10
	1
369
	18
	9
370
	19
	10
	1
371
	22
	16
	13
372
	27
	18
	9
373
	25
	13
	16
374
	34
	13
	16
375
	18
	9
376
	22
	16
	13
377
	19
	10
	1
378
	27
	18
	9
379
	19
	10
	1
380
	13
	16
381
	18
	9
382
	25
	13
	16
383
	34
	13
	16
384
	27
	18
	9
385
	22
	16
	13
386
	37
	19
	10
	1
387
	36
	18
	9
388
	19
	10
	1
389
	13
	16
390
	9
391
	25
	13
	16
392
	25
	13
	16
393
	27
	18
	9
394
	22
	16
	13
395
	19
	10
	1
396
	27
	18
	9
397
	28
	19
	10
	1
398
	22
	16
	13
399
	18
	9
400
	7
	13
	16
401
	16
	13
402
	18
	9
403
	22
	16
	13
404
	19
	10
	1
405
	18
	9
406
	28
	19
	10
	1
407
	31
	16
	13
408
	27
	18
	9
409
	25
	13
	16
410
	16
	13
411
	27
	18
	9
412
	31
	16
	13
413
	28
	19
	10
	1
414
	27
	18
	9
415
	19
	10
	1
416
	22
	16
	13
417
	36
	18
	9
418
	25
	13
	16
419
	25
	13
	16
420
	18
	9
421
	22
	16
	13
422
	28
	19
	10
	1
423
	36
	18
	9
424
	37
	19
	10
	1
425
	22
	16
	13
426
	27
	18
	9
427
	25
	13
	16
428
	25
	13
	16
429
	18
	9
430
	22
	16
	13
431
	28
	19
	10
	1
432
	27
	18
	9
433
	37
	19
	10
	1
434
	31
	16
	13
435
	27
	18
	9
436
	25
	13
	16
437
	34
	13
	16
438
	27
	18
	9
439
	22
	16
	13
440
	19
	10
	1
441
	27
	18
	9
442
	28
	19
	10
	1
443
	31
	16
	13
444
	27
	18
	9
445
	25
	13
	16
446
	34
	13
	16
447
	36
	18
	9
448
	13
	16
449
	10
	1
450
	9
451
	10
	1
452
	13
	16
453
	18
	9
454
	16
	13
455
	16
	13
456
	27
	18
	9
457
	31
	16
	13
458
	28
	19
	10
	1
459
	18
	9
460
	10
	1
461
	13
	16
462
	18
	9
463
	25
	13
	16
464
	25
	13
	16
465
	18
	9
466
	22
	16
	13
467
	28
	19
	10
	1
468
	18
	9
469
	28
	19
	10
	1
470
	13
	16
471
	18
	9
472
	25
	13
	16
473
	25
	13
	16
474
	27
	18
	9
475
	22
	16
	13
476
	28
	19
	10
	1
477
	27
	18
	9
478
	28
	19
	10
	1
479
	22
	16
	13
480
	9
481
	16
	13
482
	16
	13
483
	27
	18
	9
484
	22
	16
	13
485
	19
	10
	1
486
	27
	18
	9
487
	28
	19
	10
	1
488
	22
	16
	13
489
	18
	9
490
	7
	13
	16
491
	16
	13
492
	18
	9
493
	22
	16
	13
494
	19
	10
	1
495
	18
	9
496
	19
	10
	1
497
	22
	16
	13
498
	18
	9
499
	16
	13
500
	7
	13
	16
501
	9
502
	13
	16
503
	19
	10
	1
504
	18
	9
505
	19
	10
	1
506
	22
	16
	13
507
	27
	18
	9
508
	25
	13
	16
509
	25
	13
	16
510
	9
511
	13
	16
512
	19
	10
	1
513
	27
	18
	9
514
	28
	19
	10
	1
515
	22
	16
	13
516
	27
	18
	9
517
	34
	13
	16
518
	25
	13
	16
519
	27
	18
	9
520
	13
	16
521
	19
	10
	1
522
	27
	18
	9
523
	28
	19
	10
	1
524
	31
	16
	13
525
	27
	18
	9
526
	34
	13
	16
527
	34
	13
	16
528
	36
	18
	9
529
	31
	16
	13
530
	19
	10
	1
531
	27
	18
	9
532
	19
	10
	1
533
	31
	16
	13
534
	27
	18
	9
535
	25
	13
	16
536
	34
	13
	16
537
	36
	18
	9
538
	31
	16
	13
539
	19
	10
	1
540
	18
	9
541
	28
	19
	10
	1
542
	31
	16
	13
543
	36
	18
	9
544
	34
	13
	16
545
	25
	13
	16
546
	27
	18
	9
547
	31
	16
	13
548
	10
	1
549
	9
550
	10
	1
551
	13
	16
552
	18
	9
553
	25
	13
	16
554
	25
	13
	16
555
	18
	9
556
	22
	16
	13
557
	19
	10
	1
558
	18
	9
559
	19
	10
	1
560
	13
	16
561
	18
	9
562
	25
	13
	16
563
	34
	13
	16
564
	27
	18
	9
565
	22
	16
	13
566
	19
	10
	1
567
	27
	18
	9
568
	19
	10
	1
569
	22
	16
	13
570
	18
	9
571
	16
	13
572
	25
	13
	16
573
	27
	18
	9
574
	31
	16
	13
575
	19
	10
	1
576
	27
	18
	9
577
	28
	19
	10
	1
578
	22
	16
	13
579
	18
	9
580
	16
	13
581
	25
	13
	16
582
	27
	18
	9
583
	40
	7
	13
	16
584
	19
	10
	1
585
	18
	9
586
	28
	19
	10
	1
587
	31
	16
	13
588
	27
	18
	9
589
	25
	13
	16
590
	16
	13
591
	27
	18
	9
592
	22
	16
	13
593
	28
	19
	10
	1
594
	27
	18
	9
595
	19
	10
	1
596
	22
	16
	13
597
	27
	18
	9
598
	25
	13
	16
599
	25
	13
	16
600
	9
601
	13
	16
602
	19
	10
	1
603
	27
	18
	9
604
	28
	19
	10
	1
605
	22
	16
	13
606
	27
	18
	9
607
	34
	13
	16
608
	34
	13
	16
609
	27
	18
	9
610
	13
	16
611
	19
	10
	1
612
	27
	18
	9
613
	37
	19
	10
	1
614
	40
	7
	13
	16
615
	27
	18
	9
616
	34
	13
	16
617
	34
	13
	16
618
	27
	18
	9
619
	22
	16
	13
620
	19
	10
	1
621
	27
	18
	9
622
	37
	19
	10
	1
623
	31
	16
	13
624
	36
	18
	9
625
	25
	13
	16
626
	34
	13
	16
627
	27
	18
	9
628
	31
	16
	13
629
	28
	19
	10
	1
630
	27
	18
	9
631
	28
	19
	10
	1
632
	31
	16
	13
633
	27
	18
	9
634
	25
	13
	16
635
	16
	13
636
	27
	18
	9
637
	31
	16
	13
638
	19
	10
	1
639
	18
	9
640
	19
	10
	1
641
	22
	16
	13
642
	18
	9
643
	25
	13
	16
644
	25
	13
	16
645
	18
	9
646
	22
	16
	13
647
	28
	19
	10
	1
648
	27
	18
	9
649
	10
	1
650
	13
	16
651
	18
	9
652
	16
	13
653
	25
	13
	16
654
	27
	18
	9
655
	22
	16
	13
656
	19
	10
	1
657
	27
	18
	9
658
	28
	19
	10
	1
659
	22
	16
	13
660
	18
	9
661
	25
	13
	16
662
	25
	13
	16
663
	36
	18
	9
664
	31
	16
	13
665
	19
	10
	1
666
	27
	18
	9
667
	37
	19
	10
	1
668
	22
	16
	13
669
	27
	18
	9
670
	25
	13
	16
671
	16
	13
672
	27
	18
	9
673
	31
	16
	13
674
	28
	19
	10
	1
675
	27
	18
	9
676
	37
	19
	10
	1
677
	31
	16
	13
678
	36
	18
	9
679
	16
	13
680
	16
	13
681
	27
	18
	9
682
	22
	16
	13
683
	37
	19
	10
	1
684
	36
	18
	9
685
	28
	19
	10
	1
686
	31
	16
	13
687
	36
	18
	9
688
	25
	13
	16
689
	25
	13
	16
690
	18
	9
691
	31
	16
	13
692
	37
	19
	10
	1
693
	27
	18
	9
694
	28
	19
	10
	1
695
	22
	16
	13
696
	27
	18
	9
697
	34
	13
	16
698
	25
	13
	16
699
	27
	18
	9
700
	13
	16
701
	19
	10
	1
702
	27
	18
	9
703
	28
	19
	10
	1
704
	31
	16
	13
705
	27
	18
	9
706
	34
	13
	16
707
	43
	22
	16
	13
708
	18
	9
709
	22
	16
	13
710
	10
	1
711
	18
	9
712
	28
	19
	10
	1
713
	31
	16
	13
714
	36
	18
	9
715
	16
	13
716
	25
	13
	16
717
	27
	18
	9
718
	22
	16
	13
719
	28
	19
	10
	1
720
	18
	9
721
	28
	19
	10
	1
722
	22
	16
	13
723
	27
	18
	9
724
	25
	13
	16
725
	25
	13
	16
726
	27
	18
	9
727
	31
	16
	13
728
	37
	19
	10
	1
729
	18
	9
730
	19
	10
	1
731
	22
	16
	13
732
	27
	18
	9
733
	34
	13
	16
734
	34
	13
	16
735
	18
	9
736
	31
	16
	13
737
	28
	19
	10
	1
738
	27
	18
	9
739
	19
	10
	1
740
	22
	16
	13
741
	27
	18
	9
742
	25
	13
	16
743
	25
	13
	16
744
	27
	18
	9
745
	22
	16
	13
746
	28
	19
	10
	1
747
	27
	18
	9
748
	28
	19
	10
	1
749
	13
	16
750
	18
	9
751
	16
	13
752
	25
	13
	16
753
	27
	18
	9
754
	31
	16
	13
755
	19
	10
	1
756
	27
	18
	9
757
	28
	19
	10
	1
758
	31
	16
	13
759
	27
	18
	9
760
	25
	13
	16
761
	25
	13
	16
762
	27
	18
	9
763
	31
	16
	13
764
	37
	19
	10
	1
765
	27
	18
	9
766
	37
	19
	10
	1
767
	40
	7
	13
	16
768
	36
	18
	9
769
	25
	13
	16
770
	25
	13
	16
771
	27
	18
	9
772
	40
	7
	13
	16
773
	37
	19
	10
	1
774
	36
	18
	9
775
	19
	10
	1
776
	22
	16
	13
777
	27
	18
	9
778
	25
	13
	16
779
	25
	13
	16
780
	18
	9
781
	31
	16
	13
782
	19
	10
	1
783
	27
	18
	9
784
	28
	19
	10
	1
785
	22
	16
	13
786
	36
	18
	9
787
	34
	13
	16
788
	25
	13
	16
789
	18
	9
790
	13
	16
791
	28
	19
	10
	1
792
	27
	18
	9
793
	37
	19
	10
	1
794
	22
	16
	13
795
	18
	9
796
	25
	13
	16
797
	25
	13
	16
798
	27
	18
	9
799
	22
	16
	13
800
	10
	1
801
	18
	9
802
	19
	10
	1
803
	31
	16
	13
804
	27
	18
	9
805
	25
	13
	16
806
	34
	13
	16
807
	27
	18
	9
808
	31
	16
	13
809
	28
	19
	10
	1
810
	18
	9
811
	28
	19
	10
	1
812
	31
	16
	13
813
	36
	18
	9
814
	34
	13
	16
815
	25
	13
	16
816
	36
	18
	9
817
	40
	7
	13
	16
818
	28
	19
	10
	1
819
	27
	18
	9
820
	19
	10
	1
821
	22
	16
	13
822
	36
	18
	9
823
	34
	13
	16
824
	43
	22
	16
	13
825
	27
	18
	9
826
	31
	16
	13
827
	37
	19
	10
	1
828
	36
	18
	9
829
	28
	19
	10
	1
830
	31
	16
	13
831
	27
	18
	9
832
	25
	13
	16
833
	43
	22
	16
	13
834
	36
	18
	9
835
	31
	16
	13
836
	46
	10
	1
837
	27
	18
	9
838
	19
	10
	1
839
	22
	16
	13
840
	18
	9
841
	25
	13
	16
842
	34
	13
	16
843
	27
	18
	9
844
	22
	16
	13
845
	19
	10
	1
846
	27
	18
	9
847
	28
	19
	10
	1
848
	22
	16
	13
849
	18
	9
850
	16
	13
851
	16
	13
852
	27
	18
	9
853
	31
	16
	13
854
	28
	19
	10
	1
855
	18
	9
856
	28
	19
	10
	1
857
	31
	16
	13
858
	27
	18
	9
859
	34
	13
	16
860
	25
	13
	16
861
	18
	9
862
	22
	16
	13
863
	37
	19
	10
	1
864
	36
	18
	9
865
	28
	19
	10
	1
866
	40
	7
	13
	16
867
	36
	18
	9
868
	25
	13
	16
869
	25
	13
	16
870
	27
	18
	9
871
	31
	16
	13
872
	28
	19
	10
	1
873
	27
	18
	9
874
	37
	19
	10
	1
875
	31
	16
	13
876
	36
	18
	9
877
	34
	13
	16
878
	34
	13
	16
879
	27
	18
	9
880
	22
	16
	13
881
	28
	19
	10
	1
882
	36
	18
	9
883
	46
	10
	1
884
	31
	16
	13
885
	27
	18
	9
886
	43
	22
	16
	13
887
	43
	22
	16
	13
888
	36
	18
	9
889
	22
	16
	13
890
	19
	10
	1
891
	36
	18
	9
892
	37
	19
	10
	1
893
	40
	7
	13
	16
894
	36
	18
	9
895
	16
	13
896
	25
	13
	16
897
	27
	18
	9
898
	22
	16
	13
899
	19
	10
	1
900
	9
901
	19
	10
	1
902
	22
	16
	13
903
	27
	18
	9
904
	25
	13
	16
905
	25
	13
	16
906
	27
	18
	9
907
	31
	16
	13
908
	28
	19
	10
	1
909
	27
	18
	9
910
	19
	10
	1
911
	31
	16
	13
912
	27
	18
	9
913
	34
	13
	16
914
	34
	13
	16
915
	27
	18
	9
916
	31
	16
	13
917
	37
	19
	10
	1
918
	27
	18
	9
919
	28
	19
	10
	1
920
	22
	16
	13
921
	27
	18
	9
922
	25
	13
	16
923
	34
	13
	16
924
	36
	18
	9
925
	31
	16
	13
926
	37
	19
	10
	1
927
	36
	18
	9
928
	28
	19
	10
	1
929
	22
	16
	13
930
	27
	18
	9
931
	34
	13
	16
932
	34
	13
	16
933
	36
	18
	9
934
	31
	16
	13
935
	28
	19
	10
	1
936
	36
	18
	9
937
	46
	10
	1
938
	40
	7
	13
	16
939
	27
	18
	9
940
	25
	13
	16
941
	34
	13
	16
942
	36
	18
	9
943
	40
	7
	13
	16
944
	28
	19
	10
	1
945
	27
	18
	9
946
	37
	19
	10
	1
947
	40
	7
	13
	16
948
	36
	18
	9
949
	16
	13
950
	16
	13
951
	18
	9
952
	22
	16
	13
953
	28
	19
	10
	1
954
	18
	9
955
	19
	10
	1
956
	31
	16
	13
957
	36
	18
	9
958
	34
	13
	16
959
	34
	13
	16
960
	18
	9
961
	22
	16
	13
962
	28
	19
	10
	1
963
	36
	18
	9
964
	37
	19
	10
	1
965
	22
	16
	13
966
	27
	18
	9
967
	34
	13
	16
968
	25
	13
	16
969
	36
	18
	9
970
	22
	16
	13
971
	28
	19
	10
	1
972
	36
	18
	9
973
	37
	19
	10
	1
974
	40
	7
	13
	16
975
	27
	18
	9
976
	34
	13
	16
977
	34
	13
	16
978
	36
	18
	9
979
	31
	16
	13
980
	19
	10
	1
981
	27
	18
	9
982
	28
	19
	10
	1
983
	40
	7
	13
	16
984
	36
	18
	9
985
	25
	13
	16
986
	34
	13
	16
987
	36
	18
	9
988
	31
	16
	13
989
	28
	19
	10
	1
990
	18
	9
991
	28
	19
	10
	1
992
	31
	16
	13
993
	36
	18
	9
994
	34
	13
	16
995
	25
	13
	16
996
	27
	18
	9
997
	31
	16
	13
998
	28
	19
	10
	1
999
	27
	18
	9
1000
	1
1001
	4
	7
	13
	16
1002
	9
1003
	16
	13
1004
	16
	13
1005
	9
1006
	13
	16
1007
	19
	10
	1
1008
	18
	9
1009
	19
	10
	1
1010
	4
	7
	13
	16
1011
	9
1012
	16
	13
1013
	25
	13
	16
1014
	27
	18
	9
1015
	13
	16
1016
	19
	10
	1
1017
	27
	18
	9
1018
	19
	10
	1
1019
	22
	16
	13
1020
	9
1021
	16
	13
1022
	25
	13
	16
1023
	27
	18
	9
